_C_4865_5a238941_1 8c 0 108 0 0 9202568 0 9202568 0 20202568 0 20256809 0 20256809 0 20256209 0 20256220 0 33642020 0 25 
_C_659b_5a238eb8_1 8c 0 190 0 0 4e535452 0 46494449 0 43202049 0 46494450 0 20202049 0 494d454d 0 45522020 0 20414444 0 43202020 0 53542050 0 4c4b2052 0 4d452043 0 5449 
_C_4d2a_5a278fb4_2 8c 0 138 0 0 20202562 0 62092020 0 62092025 0 20202025 0 25620920 0 9202020 0 9202562 0 9202562 0 9202562 0 253464 
_C_61e2_5a20d87a_1 8c 0 60 0 0 703d2562 0 2562206f 0 616f693d 
_C_7da9_5a25ef94_1 8c 0 170 0 0 33204d34 0 4d32204d 0 204d3120 0 44204d30 0 57442052 0 20574120 0 52205342 0 54205720 0 52455345 0 434c4b20 0 4d450920 0 5449 
_C_69fe_5a239327_2 8c 0 f8 0 0 68202568 0 25682025 0 25682020 0 25682020 0 62202020 0 62202025 0 20202025 0 253364 
_C_489b_5a223956_1 8c 0 220 0 0 53422046 0 57205220 0 414f4920 0 43204420 0 46430920 0 32092020 0 9204f50 0 204f5031 0 4f555409 0 920535a 0 20524432 0 20524431 0 4c555348 0 45542046 0 20524553 0 20434c4b 0 54494d45 
_C_64af_5a224b01_1 8c 0 188 0 0 20202562 0 62202562 0 25622025 0 25620920 0 25620920 0 25680920 0 20256820 0 20256820 0 62202020 0 20202025 0 20256220 0 33642020 0 25 
_C_71c_5a234d8a_3 8c 0 1a8 0 0 20202562 0 62202562 0 25622025 0 25622020 0 25620920 0 25620920 0 25680920 0 20256820 0 20256820 0 62202020 0 20202025 0 20256220 0 33642020 0 25 
_C_4d21_5a2239ee_2 8c 0 228 0 0 62202562 0 62202025 0 25622025 0 20256220 0 20256220 0 9202562 0 9202562 0 9202562 0 9202562 0 9202568 0 68202568 0 20202025 0 20202562 0 62202020 0 20202025 0 20256220 0 33642020 0 25 
_C_5c22_5a2733e3_1 8c 0 358 0 0 52443135 0 44320957 0 57440957 0 57523209 0 9575209 0 20205257 0 20523135 0 52313420 0 31332020 0 32202052 0 20205231 0 20523131 0 52313020 0 52392020 0 52382020 0 52372020 0 52362020 0 52352020 0 52332020 0 52322020 0 52312020 0 52302020 0 54092020 0 52455345 0 434c4b20 0 494d4520 0 90954 
_C_3aa_5a24995d_2 84 0 30 0 0 fffffff0 0 ffff 
_C_40f8_5a2236fd_1 8c 0 200 0 0 62202562 0 25622025 0 20256220 0 9202562 0 9202562 0 9202562 0 9202562 0 9202562 0 9202562 0 9202562 0 9202568 0 62202568 0 25622025 0 20202020 0 20202562 0 25336420 
_C_6b37_5a239378_1 8c 0 140 0 0 4e535452 0 20423249 0 44504320 0 20204231 0 4420494d 0 20204144 0 20504320 0 20525354 0 20434c4b 0 54494d45 
_C_5aa7_5a27334e_2 84 0 1c 0 0 ffffff0 
_C_7493_5a225b3e_3 8c 0 138 0 0 9202562 0 9202562 0 9202562 0 68202568 0 68202025 0 20202025 0 20256220 0 62202020 0 20202025 0 253364 
_C_4249_5a21bd2b_2 8c 0 1c0 0 0 62202562 0 25622025 0 25622020 0 20256220 0 25622020 0 25622020 0 20202020 0 20202562 0 20256220 0 62202562 0 25622025 0 20256220 0 20253462 0 25336409 
_C_3433_5a209978_1 8c 0 78 0 0 3d202568 0 6f757420 0 623a2020 0 733d25 
_C_5710_5a247a10_1 8c 0 540 0 0 5a4f5554 0 20423253 0 32524432 0 44312042 0 20423252 0 52443135 0 44322020 0 31202052 0 20205244 0 20574432 0 57442020 0 52322020 0 20202057 0 20205752 0 20523135 0 52313420 0 31332020 0 32202052 0 20205231 0 20523131 0 52313020 0 52392020 0 52382020 0 52372020 0 52362020 0 52352020 0 52342020 0 52332020 0 52322020 0 52312020 0 52302020 0 52322020 0 31202052 0 7c205252 0 31494e20 0 4d202042 0 52202049 0 20414444 0 20504320 0 20525354 0 20434c4b 0 54494d45 
_C_583b_5a247a4b_1 8c 0 668 0 0 5a4f5554 0 20423253 0 32524432 0 44312042 0 20423252 0 52443135 0 44322020 0 31202052 0 20205244 0 20574432 0 57442020 0 52322020 0 20202057 0 20205752 0 20523135 0 52313420 0 31332020 0 32202052 0 20205231 0 20523131 0 52313020 0 52392020 0 52382020 0 20202020 0 20202020 0 52372020 0 20202020 0 20202020 0 20523620 0 20202020 0 35202020 0 20202052 0 20202020 0 20205234 0 20202020 0 20205233 0 32202020 0 20202052 0 20523120 0 52302020 0 32202020 0 20205252 0 20525231 0 494e207c 0 20204231 0 2020494d 0 41444452 0 50432020 0 52535420 0 434c4b20 0 494d4520 0 54 
_C_4974_5a238954_1 8c 0 100 0 0 9202568 0 9202568 0 20202568 0 20256809 0 20256809 0 20202562 0 20202562 0 25336420 
_C_6e96_5a233f17_2 8c 0 110 0 0 9202562 0 20202562 0 62092020 0 62092025 0 20202025 0 20256209 0 62092020 0 64092025 0 2534 
_C_433b_5a2387e6_2 8c 0 138 0 0 20202568 0 20256820 0 25682020 0 68202020 0 20202025 0 20202568 0 20256220 0 62202020 0 20202025 0 253364 
_C_58b0_5a24d1a2_2 8c 0 400 0 0 68202568 0 25682025 0 20256820 0 687c2568 0 25687c25 0 20256820 0 68202568 0 25682025 0 7c256820 0 68202568 0 25682025 0 20256820 0 68202568 0 25682025 0 20256820 0 68202568 0 25682025 0 20256820 0 68202568 0 25682025 0 20256820 0 68202568 0 25682025 0 20256820 0 62202568 0 25622025 0 2025687c 0 68202568 0 25682025 0 25622020 0 20256220 0 25336420 
_C_4cf_5a25f162_1 8c 0 1b0 0 0 20204d34 0 20204d33 0 20204d32 0 20204d31 0 20204d30 0 20205244 0 20205744 0 57412020 0 53422020 0 57205220 0 52535420 0 434c4b20 0 4d450920 0 5449 
_C_5578_5a27315c_2 8c 0 120 0 0 9256809 0 68092568 0 25680925 0 9256809 0 68092568 0 25680925 0 9256809 0 62092562 0 25640925 
_C_175e_5a25fa22_1 8c 0 1c0 0 0 62202562 0 25622025 0 62202020 0 20202025 0 62202020 0 20202025 0 25622020 0 20202020 0 20256220 0 20202020 0 20202562 0 25622020 0 20202020 0 20202562 
_C_71c_5a234d8a_2 84 0 10 0 0 fff0 
_C_6e48_5a25e76d_3 8c 0 1e0 0 0 2025620a 0 62202562 0 62202025 0 25622025 0 62202020 0 62202025 0 20202025 0 20256220 0 25622020 0 20256220 0 62202562 0 25622025 0 20256220 0 20253462 0 25336409 
_C_7b0c_5a20f010_1 8c 0 90 0 0 68092568 0 25680925 0 9256809 0 64092562 0 2533 
_C_32ee_5a21b97a_3 8c 0 158 0 0 62202562 0 24622025 0 20246220 0 62202462 0 24622024 0 20246220 0 62202562 0 25622025 0 20256220 0 9202562 0 253364 
_C_3d95_5a21bc38_1 8c 0 1a0 0 0 62202562 0 25622025 0 20256220 0 25622020 0 25622020 0 20202020 0 20202562 0 20256220 0 62202562 0 25622025 0 20256220 0 20253462 0 25336409 
_C_433b_5a2387e6_1 8c 0 188 0 0 4e535452 0 46494449 0 50432049 0 49464944 0 4d454d20 0 4e535452 0 45522049 0 20414444 0 54205043 0 52455345 0 434c4b20 0 494d4520 0 54 
_C_317b_5a2726db_1 8c 0 108 0 0 20532048 0 20412041 0 20412041 0 20412041 0 20412041 0 20412041 0 204e2041 0 2049204e 0 46 
_C_4f18_5a272f31_1 8c 0 78 0 0 3d202568 0 6f757420 0 623a2020 0 423d25 
_C_6b37_5a239378_2 8c 0 e0 0 0 68202568 0 25682025 0 20256820 0 20202568 0 20202562 0 20202562 0 25336420 
_C_4a88_5a238975_1 8c 0 108 0 0 9202568 0 9202568 0 9202568 0 9202568 0 20202568 0 20256220 0 20256220 0 33642020 0 25 
_C_d4c_5a20fc31_1 8c 0 b0 0 0 45094252 0 50434f44 0 3135094f 0 50310952 0 4d45094f 0 5449 
_C_5a61_5a247a95_1 8c 0 590 0 0 5a4f5554 0 20423253 0 32524432 0 44312042 0 20423252 0 52443135 0 44322020 0 31202052 0 20205244 0 20574432 0 57442020 0 52322020 0 20202057 0 20205752 0 20523135 0 52313420 0 31332020 0 32202052 0 20205231 0 20523131 0 52313020 0 52392020 0 38202020 0 20202052 0 20205237 0 20523620 0 52352020 0 34202020 0 20202052 0 20205233 0 20523220 0 52312020 0 30202020 0 20202052 0 20525232 0 52523120 0 4e207c20 0 20423149 0 20494d20 0 44445220 0 43202041 0 53542050 0 4c4b2052 0 4d452043 0 5449 
_C_543c_5a273114_1 8c 0 e0 0 0 94f5554 0 920494e 0 52495645 0 9504344 0 9525354 0 9434c4b 0 54494d45 
_C_31ed_5a24b3bb_3 8c 0 470 0 0 68202568 0 25682025 0 20256820 0 687c2568 0 25682025 0 20256820 0 68202568 0 25682025 0 2025687c 0 68202568 0 25682025 0 20256820 0 68202568 0 25682025 0 20256220 0 68202562 0 25682025 0 20256820 0 68202568 0 25682025 0 20256820 0 68202568 0 25682025 0 20256820 0 68202568 0 25682025 0 20256820 0 62202568 0 25622025 0 2025687c 0 68202568 0 25682025 0 25622020 0 25622020 0 64202020 0 2533 
_C_3638_5a27282b_1 8c 0 38 0 0 6f74653a 0 a0a4e 
_C_6f3f_5a248cd0_3 8c 0 408 0 0 68202568 0 25682025 0 20256820 0 68202568 0 25687c25 0 25682020 0 25682020 0 20256820 0 68202568 0 25682025 0 20256820 0 62202562 0 25682025 0 20256820 0 68202568 0 25682025 0 20256820 0 68202568 0 25682025 0 20256820 0 68202568 0 25682025 0 20256820 0 68202568 0 25622025 0 7c256220 0 68202568 0 25682025 0 20256820 0 20256220 0 20256220 0 33642020 0 25 
_C_3b59_5a21bbd2_2 8c 0 180 0 0 62202562 0 25622025 0 20256220 0 62202562 0 20202025 0 20202562 0 20256220 0 62202562 0 25622025 0 20256220 0 20253462 0 25336409 
_C_73ff_5a25e847_1 8c 0 1e8 0 0 20572052 0 20464320 0 414f4920 0 4d502020 0 42202043 0 535a2053 0 69746520 0 65675772 0 20472072 0 43202046 0 44202020 0 42202020 0 20204120 0 20204f50 0 494d4509 0 54 
_C_71a2_5a25e7d1_1 8c 0 1e8 0 0 20572052 0 20464320 0 414f4920 0 4d502020 0 42202043 0 535a2053 0 69746520 0 65675772 0 20472072 0 44202046 0 43202020 0 42202020 0 20204120 0 20204f50 0 494d4509 0 54 
_C_70de_5a233f86_1 8c 0 140 0 0 9202562 0 20202562 0 62092020 0 20202025 0 20256209 0 20256209 0 62092020 0 20202025 0 20256209 0 25346409 
_C_6133_5a24d621_1 8c 0 710 0 0 42343135 0 344d4620 0 52312042 0 4c204234 0 20423441 0 42345244 0 4d34207c 0 33202020 0 2020204d 0 20204d32 0 20204d31 0 204d3020 0 52442020 0 52447c20 0 4c204233 0 20423341 0 414c3135 0 4c552020 0 58432041 0 44204d55 0 7c4d5558 0 4232535a 0 32523220 0 52312042 0 20204232 0 20524432 0 52443120 0 31352020 0 34202052 0 20205231 0 20523133 0 52313220 0 31312020 0 30202052 0 20205231 0 20205239 0 20523820 0 52372020 0 36202020 0 20202052 0 20205235 0 20523420 0 52332020 0 32202020 0 20202052 0 20205231 0 20523020 0 52322020 0 31202052 0 4e7c5252 0 20423149 0 20494d20 0 44445220 0 43202041 0 20522050 0 4d452043 0 5449 
_C_5c84_5a247ae2_2 8c 0 378 0 0 20202568 0 20202568 0 68202568 0 25682025 0 20256820 0 68202568 0 25622025 0 20256220 0 68202568 0 25682025 0 20256820 0 68202568 0 25682025 0 20256820 0 68202568 0 25682025 0 20256820 0 68202568 0 25682025 0 20256820 0 62202562 0 25687c25 0 20256820 0 68202568 0 62202025 0 62202025 0 20202025 0 253364 
_C_3cda_5a2788a9_1 8c 0 50 0 0 4552453f 0 20492048 0 414d 
_C_4c11_5a2239d2_1 8c 0 220 0 0 62202562 0 62202025 0 25622025 0 20256220 0 20256220 0 9202562 0 9202562 0 9202562 0 9202562 0 9202568 0 68202568 0 62202025 0 20202025 0 25622020 0 20202020 0 20202562 0 25336420 
_C_3f5d_5a223645_2 84 0 14 0 0 ffff0 
_C_4a7e_5a24cc0a_3 8c 0 488 0 0 68202568 0 25682025 0 20256820 0 687c2568 0 25687c25 0 20256820 0 68202568 0 25682025 0 7c256820 0 68202568 0 25682025 0 20256820 0 68202568 0 25682025 0 20256820 0 62202562 0 25682025 0 20256820 0 68202568 0 25682025 0 20256820 0 68202568 0 25682025 0 20256820 0 68202568 0 25682025 0 20256820 0 68202568 0 25622025 0 7c256220 0 68202568 0 25682025 0 20256820 0 20256220 0 20256220 0 33642020 0 25 
_C_7fb0_5a21f873_1 8c 0 50 0 0 6e746572 0 73742045 0 5465 
_C_3471_5a21ba24_1 8c 0 178 0 0 20572052 0 50204643 0 4220434d 0 535a2053 0 69746520 0 65675772 0 20462072 0 43092044 0 41204220 0 50090920 0 4509204f 0 54494d 
_C_579d_5a27320a_2 8c 0 130 0 0 68092568 0 25680925 0 9256809 0 68092568 0 25680925 0 9256809 0 68092568 0 25620925 0 9256209 0 2564 
_C_7493_5a225b3e_2 84 0 c 0 0 ff0 
_C_49cf_5a22399d_2 8c 0 210 0 0 62202562 0 25622025 0 20256220 0 62202562 0 25622025 0 25620920 0 25620920 0 25620920 0 25680920 0 25680920 0 20256820 0 20256220 0 20202020 0 20202562 0 25622020 0 64202020 0 2533 
_C_533_5a21fa1f_1 8c 0 100 0 0 4e535452 0 43092049 0 48092050 0 464c5553 0 53455420 0 4b205245 0 920434c 0 54494d45 
_C_4ba0_5a238999_2 8c 0 100 0 0 9202568 0 9202568 0 9202568 0 68092568 0 20202025 0 20202562 0 20202562 0 25336420 
_C_6f7c_5a25e7a5_1 8c 0 1e8 0 0 20572052 0 20464320 0 414f4920 0 4d502020 0 42202043 0 535a2053 0 69746520 0 65675772 0 20472072 0 44202046 0 43202020 0 20422020 0 50202041 0 2020204f 0 494d4509 0 54 
_C_4249_5a21bd2b_1 8c 0 1d0 0 0 20572052 0 20464320 0 414f4920 0 4d502020 0 42202043 0 535a2053 0 69746520 0 65675772 0 20462072 0 20204420 0 20204320 0 20412042 0 4f502020 0 4d450920 0 5449 
_C_709b_5a25e7c4_1 8c 0 1e0 0 0 20572052 0 20464320 0 414f4920 0 4d502020 0 42202043 0 535a2053 0 69746520 0 65675772 0 20472072 0 44202046 0 43202020 0 20422020 0 50202041 0 920204f 0 54494d45 
_C_5c84_5a247ae2_1 8c 0 568 0 0 4232535a 0 52443220 0 31204232 0 42325244 0 44313520 0 32202052 0 20205244 0 20524431 0 57443220 0 57442020 0 32202020 0 20205752 0 20205752 0 52313520 0 31342020 0 33202052 0 20205231 0 20523132 0 52313120 0 31302020 0 39202052 0 20202052 0 20205238 0 20523720 0 52362020 0 35202020 0 20202052 0 20205234 0 20523320 0 52322020 0 31202020 0 20202052 0 20205230 0 52523220 0 52312020 0 494e7c52 0 20204231 0 2020494d 0 41444452 0 50432020 0 52535420 0 434c4b20 0 494d4520 0 54 
_C_153c_5a25f9f3_2 8c 0 1f0 0 0 20202562 0 20256220 0 25622020 0 20202020 0 20256220 0 20202020 0 20256220 0 20202020 0 20202562 0 62202020 0 20202025 0 25622020 0 20202020 0 20202562 0 25622020 0 2020 
_C_4d2a_5a278fb4_1 8c 0 1a8 0 0 74616c6c 0 45202073 0 44524956 0 77205043 0 78520920 0 20696465 0 784f5031 0 20696465 0 644f5032 0 20696669 0 644f5031 0 20696669 0 494d4509 0 54 
_C_6005_5a24d5e8_1 8c 0 6e8 0 0 42343135 0 344d4620 0 52312042 0 4c204234 0 20423441 0 42345244 0 4d34207c 0 4d332020 0 4d322020 0 204d3120 0 204d3020 0 20524420 0 3352447c 0 414c2042 0 35204233 0 20414c31 0 414c5520 0 55584320 0 5844204d 0 5a7c4d55 0 20423253 0 42325232 0 32523120 0 32202042 0 20205244 0 20524431 0 52313520 0 31342020 0 33202052 0 20205231 0 20523132 0 52313120 0 31302020 0 39202052 0 20202052 0 20205238 0 20523720 0 52362020 0 35202020 0 20202052 0 20205234 0 20523320 0 52322020 0 31202020 0 20202052 0 20205230 0 52523220 0 52312020 0 494e7c52 0 20204231 0 2020494d 0 41444452 0 50432020 0 43205220 0 494d4520 0 54 
_C_7c78_5a24948f_2 8c 0 418 0 0 20202568 0 20202568 0 68202568 0 25682025 0 7c256820 0 20202568 0 20202568 0 68202568 0 25682025 0 20256820 0 68202568 0 25622025 0 20256220 0 68202568 0 25682025 0 20256820 0 68202568 0 25682025 0 20256820 0 68202568 0 25682025 0 20256820 0 68202568 0 25682025 0 20256820 0 62202562 0 25687c25 0 20256820 0 68202568 0 62202025 0 62202025 0 20202025 0 253364 
_C_38ea_5a27296b_1 8c 0 268 0 0 53422046 0 57205220 0 414f4920 0 20525720 0 20442020 0 20432020 0 46430920 0 32092020 0 9204f50 0 204f5031 0 4f555409 0 920535a 0 20524432 0 20524431 0 414c4c20 0 54205354 0 52455345 0 434c4b20 0 494d4520 0 54 
_C_f1c_5a25f878_3 8c 0 158 0 0 62202562 0 25622025 0 62202020 0 20202025 0 20202562 0 20256220 0 25622020 0 62202020 0 20202025 0 20202562 0 256220 
_C_32ee_5a21b97a_1 8c 0 168 0 0 20572052 0 50204643 0 4220434d 0 535a2053 0 69746520 0 65675772 0 20462072 0 20432044 0 20412042 0 204f5009 0 494d4509 0 54 
_C_59e2_5a27920b_1 8c 0 218 0 0 74617068 0 20522073 0 43202057 0 49202046 0 2020414f 0 20434d50 0 20534220 0 6520535a 0 57726974 0 20726567 0 20462047 0 20204320 0 20204420 0 41204220 0 4f502020 0 45092020 0 54494d 
_C_6e48_5a25e76d_1 8c 0 1e0 0 0 20572052 0 20464320 0 414f4920 0 4d502020 0 42202043 0 535a2053 0 69746520 0 65675772 0 20472072 0 44202046 0 43202020 0 20422020 0 4f202041 0 9202020 0 54494d45 
_C_64d1_5a24d6c1_1 8c 0 470 0 0 68202568 0 25682025 0 20256820 0 687c2568 0 25682025 0 20256820 0 68202568 0 25682025 0 2025687c 0 68202568 0 25682025 0 20256820 0 687c2568 0 25682025 0 20256820 0 68202568 0 25682025 0 20256820 0 68202568 0 25682025 0 20256820 0 68202568 0 25682025 0 20256820 0 68202568 0 25682025 0 20256820 0 68202568 0 25622025 0 7c256220 0 68202568 0 25682025 0 20256820 0 62202562 0 64202025 0 2533 
_C_3e8e_5a272a6c_1 8c 0 128 0 0 4e535452 0 43092049 0 9202050 0 4c555348 0 20202046 0 45534554 0 20202052 0 20434c4b 0 494d4509 0 54 
_C_196c_5a208080_2 8c 0 a0 0 0 3d202568 0 20206620 0 3d25623a 0 62207332 0 73313d25 
_C_4a7e_5a24cc0a_1 8c 0 738 0 0 42343135 0 344d4620 0 52312042 0 4c204234 0 20423441 0 42345244 0 5244207c 0 52447c20 0 4c204233 0 20423341 0 414c3135 0 4c552020 0 58432041 0 44204d55 0 7c4d5558 0 4232535a 0 32523220 0 52312042 0 35204232 0 20524431 0 52443220 0 44312020 0 32202052 0 20205744 0 20205744 0 57523220 0 57522020 0 35202020 0 20205231 0 20523134 0 52313320 0 31322020 0 31202052 0 20205231 0 20523130 0 20523920 0 52382020 0 37202020 0 20202052 0 20205236 0 20523520 0 52342020 0 33202020 0 20202052 0 20205232 0 20523120 0 52302020 0 32202020 0 20205252 0 7c525231 0 4231494e 0 494d2020 0 44522020 0 20204144 0 54205043 0 4b205253 0 4520434c 0 54494d 
_C_10d2_5a20fd69_1 8c 0 b0 0 0 35094252 0 31095231 0 45094f50 0 50434f44 0 4d45094f 0 5449 
_C_488f_5a278e98_1 8c 0 198 0 0 74616c6c 0 45202073 0 44524956 0 9205043 0 64657852 0 50312069 0 6465784f 0 50322069 0 6669644f 0 50312069 0 6669644f 0 45092069 0 54494d 
_C_75b0_5a225b65_1 8c 0 158 0 0 50320946 0 3109204f 0 9204f50 0 52443135 0 20524420 0 75742020 0 414c556f 0 53455420 0 4b205245 0 4520434c 0 54494d 
_C_5108_5a24cee1_3 8c 0 3f8 0 0 68202568 0 25682025 0 20256820 0 687c2568 0 25687c25 0 20256820 0 68202568 0 25682025 0 7c256820 0 68202568 0 25682025 0 20256820 0 68202568 0 25682025 0 20256820 0 62202562 0 25682025 0 20256820 0 68202568 0 25682025 0 20256820 0 68202568 0 25682025 0 20256820 0 62202568 0 25622025 0 2025687c 0 68202568 0 25682025 0 25622020 0 20256220 0 253364 
_C_24b9_5a2108b2_2 8c 0 98 0 0 9256809 0 62092568 0 25620925 0 9256209 0 253364 
_C_3310_5a24b3de_1 8c 0 710 0 0 42343135 0 344d4620 0 52312042 0 4c204234 0 20423441 0 42345244 0 3352447c 0 414c2042 0 35204233 0 20414c31 0 414c5520 0 55584320 0 5844204d 0 5a7c4d55 0 20423253 0 42325232 0 32523120 0 31352042 0 20205244 0 20524432 0 52443120 0 44322020 0 44202057 0 20202057 0 20575232 0 20575220 0 31352020 0 34202052 0 20205231 0 20523133 0 52313220 0 31312020 0 30202052 0 20205231 0 20205239 0 20523820 0 52372020 0 36202020 0 20202052 0 20205235 0 20523420 0 52332020 0 32202020 0 20202052 0 20205231 0 20523020 0 52322020 0 31202052 0 4e7c5252 0 20423149 0 20494d20 0 44445220 0 43202041 0 53542050 0 4c4b2052 0 4d452043 0 5449 
_C_6fce_5a233f6c_2 8c 0 128 0 0 9202562 0 9202562 0 20202562 0 25620920 0 25620920 0 9202020 0 20202562 0 25620920 0 34640920 0 25 
_C_77a7_5a20efc2_3 8c 0 70 0 0 68092568 0 25680925 0 9256209 0 2564 
_C_393b_5a21bb2d_1 8c 0 198 0 0 20572052 0 50204643 0 4220434d 0 535a2053 0 69746520 0 65675772 0 20462072 0 20204420 0 20432020 0 41204220 0 50202020 0 4509204f 0 54494d 
_C_3c7c_5a21bc06_2 8c 0 190 0 0 62202562 0 25622025 0 20256220 0 20202562 0 20202562 0 25622020 0 62202020 0 25622025 0 20256220 0 62202562 0 34622025 0 64092025 0 2533 
_C_6392_5a224ae7_1 8c 0 188 0 0 20202562 0 62202562 0 25622025 0 25620920 0 25620920 0 25680920 0 20256820 0 25682020 0 62202020 0 20202025 0 20256220 0 33642020 0 25 
_C_5e7c_5a2249c3_1 8c 0 1a0 0 0 53422046 0 57205220 0 32092020 0 9204f50 0 204f5031 0 44313509 0 44312052 0 74202052 0 4c556f75 0 45542041 0 20524553 0 20434c4b 0 54494d45 
_C_58b0_5a24d1a2_1 8c 0 650 0 0 42343135 0 344d4620 0 52312042 0 4c204234 0 20423441 0 42345244 0 5244207c 0 52447c20 0 4c204233 0 20423341 0 414c3135 0 4c552020 0 58432041 0 44204d55 0 7c4d5558 0 4232535a 0 32523220 0 52312042 0 20204232 0 20524432 0 52443120 0 31352020 0 34202052 0 20205231 0 20523133 0 52313220 0 31312020 0 30202052 0 20205231 0 20205239 0 20523820 0 52372020 0 36202020 0 20202052 0 20205235 0 20523420 0 52332020 0 32202020 0 20202052 0 20205231 0 20523020 0 52322020 0 31202052 0 4e7c5252 0 20423149 0 20494d20 0 44445220 0 43202041 0 20522050 0 4d452043 0 5449 
_C_4b0d_5a2239c3_2 8c 0 218 0 0 62202562 0 25622025 0 20256220 0 20202562 0 62202562 0 62092025 0 62092025 0 62092025 0 68092025 0 68092025 0 25682025 0 25622020 0 20202020 0 20256220 0 62202020 0 20202025 0 253364 
_C_31ed_5a24b3bb_1 8c 0 708 0 0 42343135 0 42344620 0 34523120 0 414c2042 0 44204234 0 7c423452 0 42335244 0 33414c20 0 31352042 0 2020414c 0 20414c55 0 4d555843 0 55584420 0 535a7c4d 0 32204232 0 20423252 0 42325231 0 44313520 0 32202052 0 20205244 0 20524431 0 57443220 0 57442020 0 32202020 0 20205752 0 20205752 0 52313520 0 31342020 0 33202052 0 20205231 0 20523132 0 52313120 0 31302020 0 39202052 0 20202052 0 20205238 0 20523720 0 52362020 0 35202020 0 20202052 0 20205234 0 20523320 0 52322020 0 31202020 0 20202052 0 20205230 0 52523220 0 52312020 0 494e7c52 0 20204231 0 2020494d 0 41444452 0 50432020 0 52535420 0 434c4b20 0 494d4520 0 54 
_C_7c25_5a21f6d2_2 8c 0 a0 0 0 9202568 0 9202568 0 62202562 0 25622025 0 25336420 
_C_488f_5a278e98_2 84 0 a 0 0 3f0 
_C_7ef1_5a25efe7_1 8c 0 1b0 0 0 20204d34 0 20204d33 0 20204d32 0 20204d31 0 20204d30 0 20205244 0 20205744 0 20574120 0 53422020 0 57205220 0 52535420 0 434c4b20 0 4d450920 0 5449 
_C_5108_5a24cee1_1 8c 0 6f0 0 0 42343135 0 344d4620 0 52312042 0 4c204234 0 20423441 0 42345244 0 5244207c 0 52447c20 0 4c204233 0 20423341 0 414c3135 0 4c552020 0 58432041 0 44204d55 0 7c4d5558 0 4232535a 0 32523220 0 52312042 0 20204232 0 20524432 0 52443120 0 44322020 0 44202057 0 20202057 0 20575232 0 20575220 0 31352020 0 34202052 0 20205231 0 20523133 0 52313220 0 31312020 0 30202052 0 20205231 0 20205239 0 20523820 0 52372020 0 36202020 0 20202052 0 20205235 0 20523420 0 52332020 0 32202020 0 20202052 0 20205231 0 20523020 0 52322020 0 31202052 0 4e7c5252 0 20423149 0 20494d20 0 44445220 0 43202041 0 20522050 0 4d452043 0 5449 
_C_4748_5a238913_1 8c 0 178 0 0 4e535452 0 46494449 0 43092049 0 46494450 0 4d092049 0 20494d45 0 44455209 0 9204144 0 54205043 0 4b205253 0 4520434c 0 54494d 
_C_d4c_5a20fc31_2 84 0 8 0 0 f0 
_C_61e2_5a20d87a_2 8c 0 58 0 0 703d2562 0 2562206f 0 66633d 
_C_35f1_5a21baae_1 8c 0 178 0 0 20572052 0 50204643 0 4220434d 0 535a2053 0 69746520 0 65675772 0 20462072 0 43092044 0 41204220 0 50202020 0 4509204f 0 54494d 
_C_1a80_5a20809f_1 8c 0 78 0 0 3d202568 0 20096620 0 25623a20 0 73313d 
_C_5e7c_5a2249c3_3 8c 0 1a0 0 0 62202562 0 62092025 0 62092025 0 62092025 0 62092025 0 68092025 0 25682025 0 68202020 0 20202025 0 25622020 0 20202020 0 20202562 0 25336420 
_C_50c2_5a25245a_1 8c 0 48 0 0 44444444 0 44444444 0 44 
_C_5cbc_5a279313_2 8c 0 100 0 0 9256809 0 62092568 0 9252020 0 62092562 0 20202025 0 20256209 0 20256209 0 25336409 
_C_b51_5a249c54_1 8c 0 6e0 0 0 20423446 0 42345231 0 34414c20 0 52442042 0 447c4234 0 20423352 0 4233414c 0 4c313520 0 55202041 0 4420414c 0 204d5558 0 4d555843 0 32535a7c 0 52322042 0 31204232 0 20423252 0 52443135 0 44322020 0 31202052 0 20205244 0 20574432 0 20574420 0 52322020 0 52202057 0 20202057 0 20523135 0 52313420 0 31332020 0 32202052 0 20205231 0 20523131 0 52313020 0 52392020 0 38202020 0 20202052 0 20205237 0 20523620 0 52352020 0 34202020 0 20202052 0 20205233 0 20523220 0 52312020 0 30202020 0 20202052 0 20525232 0 52523120 0 31494e7c 0 4d202042 0 52202049 0 20414444 0 20504320 0 20525354 0 20434c4b 0 54494d45 
_C_63ad_5a25e407_1 8c 0 8 0 0 0 
_C_4b2e_5a278f54_1 8c 0 118 0 0 20202562 0 62092020 0 20202025 0 25620920 0 9202020 0 9202562 0 9202562 0 9202562 0 253464 
_C_3ba4_5a278874_1 8c 0 48 0 0 48484848 0 48484848 0 41 
_C_f1c_5a25f878_1 8c 0 1f0 0 0 20442045 0 6d572043 0 65786d65 0 62525720 0 6d656d77 0 6d525720 0 65786d65 0 4f503120 0 656d7762 0 5031206d 0 6d656d4f 0 32206578 0 65784f50 0 31206964 0 65784f50 0 6964 
_C_50c2_5a25245a_2 8c 0 48 0 0 43434343 0 43434343 0 43 
_C_69fe_5a239327_1 8c 0 158 0 0 4e535452 0 20423249 0 44504320 0 20204231 0 20494d20 0 41444420 0 20202020 0 54205043 0 4b205253 0 4520434c 0 54494d 
_C_3c7c_5a21bc06_1 8c 0 1a0 0 0 20572052 0 20204643 0 20434d50 0 20534220 0 6520535a 0 57726974 0 20726567 0 44202046 0 43202020 0 20422020 0 20202041 0 9204f50 0 54494d45 
_C_6372_5a238e8a_2 8c 0 110 0 0 9202568 0 9202568 0 20202568 0 20256809 0 20256820 0 25622020 0 25622020 0 64202020 0 2533 
_C_71c_5a234d8a_1 8c 0 1b0 0 0 53422046 0 57205220 0 20525720 0 4f503209 0 50310920 0 3509204f 0 20524431 0 20524431 0 6f757420 0 20414c55 0 45534554 0 4c4b2052 0 4d452043 0 5449 
_C_7d6e_5a234a1c_1 8c 0 240 0 0 62202562 0 62202025 0 25622025 0 20256220 0 20202562 0 62202562 0 62092025 0 62092025 0 62092025 0 68092025 0 68092025 0 25682025 0 62202020 0 20202025 0 25622020 0 20202020 0 20202562 0 25336420 
_C_3f9a_5a272a8a_1 8c 0 a8 0 0 4e535452 0 50430949 0 52535409 0 434c4b09 0 494d4509 0 54 
_C_45ee_5a2238b7_1 8c 0 210 0 0 53422046 0 57205220 0 414f4920 0 43204420 0 20464320 0 4f503209 0 50310920 0 5409204f 0 535a4f55 0 44320920 0 44312052 0 53482052 0 20464c55 0 45534554 0 4c4b2052 0 4d452043 0 5449 
_C_612d_5a224a92_1 8c 0 180 0 0 62202562 0 25622025 0 20256220 0 20256209 0 20256209 0 20256809 0 20202568 0 20256820 0 25622020 0 20202020 0 20202562 0 25336420 
_C_5e67_5a273444_1 8c 0 398 0 0 52443135 0 44320957 0 57440957 0 57523209 0 9575209 0 20205257 0 20523135 0 52313420 0 31332020 0 32202052 0 20205231 0 20523131 0 52313020 0 39202020 0 20202052 0 20205238 0 20523720 0 52362020 0 35202020 0 20202052 0 20205233 0 20523220 0 52312020 0 30202020 0 54092052 0 52455345 0 434c4b20 0 494d4520 0 90954 
_C_2165_5a24ab68_1 84 0 10 0 0 0 
_C_10b2_5a25f924_1 8c 0 168 0 0 62202562 0 25622025 0 62202020 0 20202025 0 20202562 0 20256220 0 25622020 0 62202020 0 20202025 0 20256209 0 62092020 0 25 
_C_40dd_5a21bcbe_1 8c 0 1c8 0 0 20572052 0 20464320 0 20414f49 0 434d5020 0 53422020 0 20535a20 0 72697465 0 72656757 0 20204620 0 20202044 0 42202043 0 20204120 0 204f5020 0 494d4509 0 54 
_C_23e_5a25f023_1 8c 0 1a8 0 0 20204d34 0 20204d33 0 20204d32 0 20204d31 0 20204d30 0 20205244 0 20205744 0 20574120 0 20534220 0 20572052 0 20525354 0 20434c4b 0 494d4509 0 54 
_C_6e48_5a25e76d_2 84 0 13 0 0 7fff0 
_C_4156_5a23e312_1 8c 0 310 0 0 5a4f5554 0 20423253 0 32524432 0 44312042 0 20423252 0 52443135 0 44322020 0 31202052 0 20205244 0 20574432 0 57442020 0 52322020 0 20202057 0 20205752 0 20525232 0 52523120 0 4e207c20 0 20423149 0 20494d20 0 44445220 0 43202041 0 53542050 0 4c4b2052 0 4d452043 0 5449 
_C_5108_5a24cee1_2 84 0 2d 0 0 fffffff0 0 1fff 
_C_d56_5a23500d_2 8c 0 158 0 0 20202562 0 9202562 0 9202562 0 9202562 0 68202568 0 68202025 0 20202025 0 20256220 0 62202020 0 20202025 0 253364 
_C_1652_5a25fa08_1 8c 0 1e0 0 0 20202562 0 20256220 0 25622020 0 62202020 0 20202025 0 62202020 0 20202025 0 25622020 0 20202020 0 20256220 0 20202020 0 20202562 0 25622020 0 20202020 0 20202562 
_C_5054_5a278ffe_1 8c 0 130 0 0 20202562 0 62092020 0 20202025 0 20256220 0 20256209 0 62092020 0 62092025 0 62092025 0 64092025 0 2534 
_C_b51_5a249c54_2 8c 0 458 0 0 68202568 0 25682025 0 7c256820 0 68202568 0 25682025 0 20256820 0 68202568 0 25687c25 0 20256820 0 68202568 0 25682025 0 20256820 0 68202568 0 25622025 0 20256220 0 68202568 0 25682025 0 20256820 0 68202568 0 25682025 0 20256820 0 68202568 0 25682025 0 20256820 0 68202568 0 25682025 0 20256820 0 62202562 0 25687c25 0 20256820 0 68202568 0 62202025 0 62202025 0 20202025 0 253364 
_C_4748_5a238913_2 8c 0 f0 0 0 9202568 0 9202568 0 20202568 0 20256809 0 20256809 0 20256209 0 64202562 0 2533 
_C_6f3f_5a248cd0_4 84 0 20 0 0 1 
_C_7da9_5a25ef94_2 8c 0 158 0 0 68202568 0 25682025 0 20256820 0 68202568 0 25682025 0 20256820 0 62202562 0 25622025 0 20256220 0 9202562 0 253364 
_C_4c19_5a251fa3_1 8c 0 738 0 0 42343135 0 344d4620 0 52312042 0 4c204234 0 20423441 0 42345244 0 5558457c 0 3420204d 0 2020204d 0 20204d33 0 204d3220 0 4d312020 0 30202020 0 2020204d 0 7c205244 0 42335244 0 33414c20 0 31352042 0 2020414c 0 20414c55 0 4d555843 0 55584420 0 535a7c4d 0 32204232 0 20423252 0 42325231 0 44322020 0 31202052 0 20205244 0 20523135 0 52313420 0 31332020 0 32202052 0 20205231 0 20523131 0 52313020 0 52392020 0 38202020 0 20202052 0 20205237 0 20523620 0 52352020 0 34202020 0 20202052 0 20205233 0 20523220 0 52312020 0 30202020 0 20202052 0 20525232 0 52523120 0 31494e7c 0 4d202042 0 52202049 0 20414444 0 52205043 0 45204320 0 54494d 
_C_42f_5a21fa0f_1 8c 0 b8 0 0 9202568 0 9202568 0 9202562 0 9202562 0 9202562 0 253264 
_C_1b8f_5a2080b6_1 8c 0 80 0 0 3d202568 0 9096620 0 623a2020 0 73313d25 
_C_48e5_5a278ecd_6 8c 0 1c0 0 0 2f57420a 0 42343d4d 0 2f4d2c20 0 333d4558 0 582c2042 0 49442f45 0 2042323d 0 2f49442c 0 293d4946 0 66657231 0 28627566 0 3a204231 0 66657273 0 9427566 
_C_3b48_5a209ec9_2 94 0 20 0 0 1 
_C_7ef1_5a25efe7_2 8c 0 168 0 0 68202568 0 25682025 0 20256820 0 68202568 0 25682025 0 20256820 0 62202562 0 25622025 0 25622020 0 20256220 0 33640920 0 25 
_C_4d21_5a2239ee_1 8c 0 248 0 0 53422046 0 57205220 0 414f4920 0 20442020 0 20432020 0 46430920 0 32092020 0 9204f50 0 204f5031 0 4f555409 0 920535a 0 20524432 0 20524431 0 55534820 0 5420464c 0 52455345 0 434c4b20 0 494d4520 0 54 
_C_7c4b_5a2349fa_1 8c 0 260 0 0 53422046 0 57205220 0 414f4920 0 20525720 0 20204420 0 20204320 0 20464309 0 50320920 0 3109204f 0 9204f50 0 5a4f5554 0 32092053 0 31205244 0 20205244 0 4c555348 0 45542046 0 20524553 0 20434c4b 0 54494d45 
_C_1423_5a25f9c3_1 8c 0 1f0 0 0 20202562 0 20256220 0 25622020 0 20202020 0 20256220 0 20202020 0 20256220 0 20202020 0 20256220 0 20202020 0 20202562 0 25622020 0 20202020 0 20202562 0 25622020 0 2020 
_C_14f4_5a207d8f_1 84 0 6 0 0 38 
_C_1b8f_5a2080b6_2 8c 0 78 0 0 3d202568 0 9096620 0 623a2020 0 733d25 
_C_5b85_5a238ba7_1 8c 0 170 0 0 4e535452 0 46494449 0 43092049 0 46494450 0 4d092049 0 20494d45 0 44455209 0 43094144 0 53542050 0 4c4b2052 0 4d452043 0 5449 
_C_3cd0_5a251762_1 8c 0 70 0 0 45454545 0 45454545 0 45454545 0 4545 
_C_4156_5a23e312_2 8c 0 208 0 0 20202568 0 20202568 0 68202568 0 25682025 0 20256820 0 68202568 0 25622025 0 20256220 0 62202562 0 20202025 0 68202568 0 25682025 0 20256820 0 20256220 0 20256220 0 33642020 0 25 
_C_47f3_5a272c66_1 8c 0 1c8 0 0 74616c6c 0 45202073 0 44524956 0 9205043 0 64657852 0 50312069 0 6465784f 0 50322069 0 6669644f 0 50312069 0 6669644f 0 54092069 0 2048414c 0 494d4509 0 54 
_C_40dd_5a21bcbe_2 84 0 12 0 0 3fff0 
_C_6f3f_5a248cd0_1 8c 0 678 0 0 33524431 0 4c552042 0 20423341 0 4c553135 0 55202041 0 4420414c 0 204d5558 0 4d555843 0 535a7c20 0 32204232 0 42325244 0 52443120 0 35204232 0 20524431 0 52443220 0 44312020 0 32202052 0 20205744 0 20205744 0 57523220 0 57522020 0 35202020 0 20205231 0 20523134 0 52313320 0 31322020 0 31202052 0 20205231 0 20523130 0 20523920 0 52382020 0 37202020 0 20202052 0 20205236 0 20523520 0 52342020 0 33202020 0 20202052 0 20205232 0 20523120 0 52302020 0 32202020 0 20205252 0 7c525231 0 4231494e 0 494d2020 0 44522020 0 20204144 0 54205043 0 4b205253 0 4520434c 0 54494d 
_C_7659_5a248e01_1 8c 0 668 0 0 33524431 0 4c552042 0 35423341 0 414c5531 0 4c552020 0 58442041 0 43204d55 0 7c4d5558 0 4232535a 0 52443220 0 31204232 0 42325244 0 44313520 0 32202052 0 20205244 0 20524431 0 57443220 0 57442020 0 32202020 0 20205752 0 20205752 0 52313520 0 31342020 0 33202052 0 20205231 0 20523132 0 52313120 0 31302020 0 39202052 0 20202052 0 20205238 0 20523720 0 52362020 0 35202020 0 20202052 0 20205234 0 20523320 0 52322020 0 31202020 0 20202052 0 20205230 0 52523220 0 52312020 0 494e7c52 0 20204231 0 2020494d 0 41444452 0 50432020 0 52535420 0 434c4b20 0 494d4520 0 54 
_C_1871_5a25fa4d_2 8c 0 1c8 0 0 20202562 0 62202562 0 20202025 0 20202562 0 20202020 0 20202562 0 62202020 0 20202025 0 25622020 0 20202020 0 20256220 0 62202020 0 20202025 0 20256220 0 20 
_C_4e39_5a278fd2_1 8c 0 120 0 0 20202562 0 62092020 0 62092025 0 62092025 0 20202025 0 20256209 0 20256209 0 20256209 0 25346409 
_C_60e7_5a238dea_1 8c 0 188 0 0 4e535452 0 46494449 0 43092049 0 46494450 0 4d092049 0 20494d45 0 44455209 0 20204144 0 50432020 0 52535420 0 434c4b20 0 494d4520 0 54 
_C_1a80_5a20809f_3 8c 0 70 0 0 3d202568 0 20096620 0 25623a20 0 733d 
_C_4a16_5a278f00_1 8c 0 240 0 0 61746173 0 61642044 0 2c205265 0 68203135 0 726f7567 0 30207468 0 65727320 0 67697374 0 2c205265 0 20262032 0 72732031 0 69737465 0 20526567 0 52656164 0 67652920 0 20537461 0 28326e64 0 9090920 
_C_4359_5a21bd49_1 8c 0 1d0 0 0 20572052 0 20464320 0 414f4920 0 4d502020 0 42202043 0 535a2053 0 69746520 0 65675772 0 20462072 0 20204420 0 20204320 0 20412042 0 20204f20 0 4d450920 0 5449 
_C_4ba0_5a238999_1 8c 0 180 0 0 4e535452 0 46494449 0 43092049 0 46494450 0 4d092049 0 20494d45 0 44455209 0 20204144 0 20504309 0 20525354 0 20434c4b 0 54494d45 
_C_32ee_5a21b97a_2 84 0 11 0 0 1fff0 
_C_49cf_5a22399d_1 8c 0 230 0 0 53422046 0 57205220 0 414f4920 0 20204420 0 9202043 0 20204643 0 4f503209 0 50310920 0 5409204f 0 535a4f55 0 44320920 0 44312052 0 53482052 0 20464c55 0 45534554 0 4c4b2052 0 4d452043 0 5449 
_C_45ee_5a2238b7_2 8c 0 230 0 0 62202562 0 25622025 0 20256220 0 9202562 0 9202562 0 9202562 0 9202562 0 9202562 0 9202562 0 9202562 0 68202568 0 20202025 0 20256220 0 20202020 0 20202562 0 25622020 0 64202020 0 2533 
_C_63bf_5a24d6ae_1 8c 0 718 0 0 42343135 0 344d4620 0 52312042 0 4c204234 0 20423441 0 42345244 0 4d34207c 0 33202020 0 2020204d 0 20204d32 0 204d3120 0 4d302020 0 44202020 0 447c2052 0 20423352 0 4233414c 0 4c313520 0 55202041 0 4320414c 0 204d5558 0 4d555844 0 32535a7c 0 52322042 0 31204232 0 20423252 0 52443220 0 44312020 0 35202052 0 20205231 0 20523134 0 52313320 0 31322020 0 31202052 0 20205231 0 20523130 0 20523920 0 52382020 0 37202020 0 20202052 0 20205236 0 20523520 0 52342020 0 33202020 0 20202052 0 20205232 0 20523120 0 52302020 0 32202020 0 20205252 0 7c525231 0 4231494e 0 494d2020 0 44522020 0 20204144 0 52205043 0 45204320 0 54494d 
_C_23e_5a25f023_2 8c 0 180 0 0 68202568 0 25682025 0 20256820 0 68202568 0 25682025 0 20256820 0 20256220 0 62202562 0 62202025 0 20202025 0 20202562 0 25336409 
_C_5b0b_5a279232_1 8c 0 208 0 0 2025620a 0 25622020 0 20256220 0 20202562 0 62202562 0 20202025 0 20202562 0 20202562 0 25622020 0 62202020 0 25622025 0 20256220 0 62202562 0 25622025 0 25346220 0 33640920 0 25 
_C_6854_5a23fab8_1 8c 0 4b8 0 0 5a4f5554 0 20423253 0 32524432 0 44312042 0 20423252 0 52443135 0 44322020 0 31202052 0 20205244 0 20574432 0 57442020 0 52322020 0 20202057 0 35205752 0 34205231 0 33205231 0 32205231 0 31205231 0 30205231 0 39205231 0 52382052 0 20523720 0 35205236 0 52342052 0 20523320 0 31205232 0 52302052 0 52523220 0 52312020 0 207c2052 0 4231494e 0 494d2020 0 44522020 0 20204144 0 54205043 0 4b205253 0 4520434c 0 54494d 
_C_5c22_5a2733e3_2 8c 0 258 0 0 68092568 0 25680925 0 9256809 0 68092568 0 25682025 0 20256820 0 68202568 0 25682025 0 20256820 0 68202568 0 25682025 0 20256820 0 68202568 0 25682025 0 20256820 0 62092568 0 20202025 0 20256220 0 256420 
_C_40dd_5a21bcbe_3 8c 0 1b8 0 0 62202562 0 25622025 0 20256220 0 20202562 0 20256220 0 20256220 0 62202020 0 20202025 0 62202562 0 25622025 0 20256220 0 62202562 0 9202534 0 253364 
_C_4e38_5a279114_1 8c 0 98 0 0 3d202568 0 9206620 0 323d2562 0 25622073 0 73313d 
_C_31ed_5a24b3bb_2 84 0 31 0 0 fffffff0 0 1ffff 
_C_3f5d_5a223645_1 8c 0 1f0 0 0 53422046 0 57205220 0 414f4920 0 43204420 0 20464320 0 204f5032 0 204f5031 0 5a4f5554 0 44322053 0 44312052 0 53482052 0 20464c55 0 45534554 0 4c4b2052 0 4d452043 0 5449 
_C_44c1_5a23887a_1 8c 0 1b8 0 0 4e535452 0 46494449 0 43092049 0 46494450 0 4d092049 0 54524d45 0 20494e53 0 44455209 0 9204144 0 9205043 0 45534554 0 4b092052 0 4509434c 0 54494d 
_C_7c78_5a24948f_1 8c 0 658 0 0 42335244 0 33414c20 0 31352042 0 2020414c 0 20414c55 0 4d555844 0 55584320 0 535a7c4d 0 32204232 0 42325244 0 52443120 0 35204232 0 20524431 0 52443220 0 44312020 0 32202052 0 20205744 0 20205744 0 57523220 0 57522020 0 35202020 0 20205231 0 20523134 0 52313320 0 31322020 0 31202052 0 20205231 0 20523130 0 20523920 0 52382020 0 37202020 0 20202052 0 20205236 0 20523520 0 52342020 0 33202020 0 20202052 0 20205232 0 20523120 0 52302020 0 32202020 0 20205252 0 7c525231 0 4231494e 0 494d2020 0 44522020 0 20204144 0 54205043 0 4b205253 0 4520434c 0 54494d 
_C_528c_5a27905d_1 8c 0 140 0 0 20202562 0 20202020 0 20256209 0 62202020 0 62092025 0 9202025 0 9202562 0 9202562 0 20202562 0 25346409 
_C_4753_5a2238f7_1 8c 0 230 0 0 62202562 0 25622025 0 20256220 0 9202562 0 9202562 0 9202562 0 9202562 0 9202562 0 9202562 0 9202568 0 68202568 0 20202025 0 20256220 0 20202020 0 20202562 0 25622020 0 64202020 0 2533 
_C_5738_5a279149_1 8c 0 b0 0 0 54094f46 0 35094f55 0 42095231 0 50094109 0 4d45094f 0 5449 
_C_fea_5a2350c1_1 8c 0 180 0 0 52572046 0 32092020 0 9204f50 0 204f5031 0 44313509 0 52442052 0 74202020 0 4c556f75 0 45542041 0 20524553 0 20434c4b 0 54494d45 
_C_6e81_5a23947a_1 8c 0 118 0 0 4232494e 0 42315043 0 494d2020 0 44522020 0 20204144 0 54205043 0 4b205253 0 4520434c 0 54494d 
_C_7493_5a225b3e_1 8c 0 160 0 0 9202046 0 204f5032 0 4f503109 0 31350920 0 44205244 0 74202052 0 4c556f75 0 45542041 0 20524553 0 20434c4b 0 54494d45 
_C_7ffb_5a234a86_1 8c 0 268 0 0 53422046 0 57205220 0 414f4920 0 20525720 0 20442020 0 20432020 0 46430920 0 32092020 0 9204f50 0 204f5031 0 4f555409 0 920535a 0 20524432 0 20524431 0 55534820 0 5420464c 0 52455345 0 434c4b20 0 494d4520 0 54 
_C_6d7e_5a233ef1_1 8c 0 1c8 0 0 6c757368 0 45092066 0 44524956 0 9205043 0 64657852 0 50312069 0 6465784f 0 50322069 0 6669644f 0 50312069 0 6669644f 0 54092069 0 2048414c 0 696d6509 0 74 
_C_3f9a_5a21bc5a_1 8c 0 1b0 0 0 20572052 0 20464320 0 4d502020 0 42202043 0 535a2053 0 69746520 0 65675772 0 20462072 0 20204420 0 20204320 0 20412042 0 4f502020 0 4d450920 0 5449 
_C_574b_5a238a25_1 8c 0 108 0 0 9202568 0 9202568 0 9202568 0 20202568 0 20202568 0 20256220 0 20256220 0 33642020 0 25 
_C_7b05_5a25cddb_1 8c 0 30 0 0 70617373 0 6279 
_C_4a7e_5a24cc0a_2 84 0 32 0 0 fffffff0 0 3ffff 
_C_543c_5a273114_2 8c 0 c0 0 0 9256809 0 62092568 0 20202025 0 20256209 0 20256209 0 25336409 
_C_6372_5a238e8a_1 8c 0 170 0 0 4e535452 0 46494449 0 50432049 0 49464944 0 4d454d20 0 45522049 0 20414444 0 43202020 0 53542050 0 4c4b2052 0 4d452043 0 5449 
_C_66fb_5a23fa41_2 84 0 26 0 0 fffffff0 0 3f 
_C_7c25_5a21f6d2_1 8c 0 f8 0 0 4e535452 0 43092049 0 48092050 0 464c5553 0 53455420 0 4b205245 0 4520434c 0 54494d 
_C_4a16_5a278f00_4 8c 0 230 0 0 67652032 0 20737461 0 64206f66 0 20726561 0 64617461 0 74686520 0 20746f20 0 69726564 0 69732077 0 69636820 0 2c207768 0 6261636b 0 69746520 0 29205772 0 74616765 0 74682053 0 9202835 0 909 
_C_6266_5a224ad8_1 8c 0 198 0 0 53422046 0 57205220 0 50320920 0 3109204f 0 9204f50 0 52443135 0 52443120 0 75742020 0 414c556f 0 53455420 0 4b205245 0 4520434c 0 54494d 
_C_3f5d_5a223645_3 8c 0 198 0 0 62202562 0 25622025 0 20256220 0 62202562 0 25622025 0 20256220 0 62202562 0 25622025 0 20256820 0 62202568 0 25622025 0 20256220 0 253364 
_C_4f46_5a278fec_1 8c 0 118 0 0 20202562 0 62092020 0 25622025 0 25620920 0 9202020 0 9202562 0 9202562 0 9202562 0 253464 
_C_7fb0_5a21f873_2 8c 0 48 0 0 45786974 0 65737420 0 54 
_C_461f_5a2388d1_2 8c 0 e8 0 0 9202568 0 9202568 0 20202568 0 20256809 0 20256809 0 62202562 0 33640925 0 25 
_C_64c_5a21fa44_1 8c 0 120 0 0 4e535452 0 43092049 0 48092050 0 464c5553 0 54202020 0 52455345 0 4b202020 0 920434c 0 54494d45 
_C_3a3e_5a23e1c6_1 8c 0 2d0 0 0 5a4f5554 0 20423253 0 32524432 0 44312042 0 20423252 0 52443135 0 52443220 0 52443120 0 57443220 0 20574420 0 20575232 0 20205752 0 20525232 0 52523120 0 4e207c20 0 20423149 0 20494d20 0 44445220 0 43202041 0 53542050 0 4c4b2052 0 4d452043 0 5449 
_C_5398_5a279075_1 8c 0 140 0 0 20202562 0 20202020 0 20256209 0 62202020 0 62092025 0 25620925 0 62092020 0 9202025 0 20202562 0 25346409 
_C_1821_5a20801e_1 8c 0 68 0 0 3d202568 0 20206620 0 3d25623a 0 73 
_C_48e5_5a278ecd_4 8c 0 220 0 0 44617461 0 69746520 0 2c205772 0 656e7473 0 436f6e74 0 65737320 0 41646472 0 6f727920 0 204d656d 0 6174612c 0 61642044 0 79205265 0 656d6f72 0 6529204d 0 53746167 0 34746820 0 9092028 
_C_4a16_5a278f00_3 8c 0 228 0 0 44617461 0 69746520 0 2c205772 0 656e7473 0 436f6e74 0 65737320 0 41646472 0 6f727920 0 204d656d 0 6174612c 0 61642044 0 79205265 0 656d6f72 0 6529204d 0 53746167 0 34746820 0 9092028 0 9 
_C_44b2_5a21bdca_1 8c 0 1c8 0 0 2025620a 0 62202562 0 62202025 0 25622025 0 62202020 0 62202025 0 20202025 0 20256220 0 25622020 0 20256220 0 62202562 0 25622025 0 25346220 0 33640920 0 25 
_C_11e5_5a25f959_1 84 0 d 0 0 1ff8 
_C_4288_5a2237a6_1 8c 0 208 0 0 53422046 0 57205220 0 414f4920 0 43204420 0 20464320 0 4f503209 0 50310920 0 5409204f 0 535a4f55 0 52443220 0 52443120 0 55534820 0 5420464c 0 52455345 0 434c4b20 0 494d4520 0 54 
_C_1a80_5a20809f_2 8c 0 a8 0 0 3d202568 0 20096620 0 25623a20 0 2073323d 0 313d2562 0 73 
_C_14f4_5a207d8f_2 8c 0 60 0 0 3d202568 0 20256820 0 2568202b 
_C_6bd1_5a233eca_1 8c 0 1d8 0 0 6c757368 0 45092066 0 44524956 0 9205043 0 64657852 0 31092069 0 65784f50 0 9206964 0 644f5032 0 20696669 0 644f5031 0 20696669 0 414c5409 0 65092048 0 74696d 
_C_55ac_5a2790a1_1 8c 0 158 0 0 20202562 0 20202020 0 20256209 0 62202020 0 62092025 0 20202025 0 20256209 0 25620920 0 62092020 0 9202025 0 253464 
_C_628a_5a24d68a_1 8c 0 478 0 0 68202568 0 25682025 0 20256820 0 687c2568 0 25682025 0 20256820 0 68202568 0 25682025 0 2025687c 0 68202568 0 25682025 0 20256820 0 687c2568 0 25682025 0 20256820 0 68202568 0 25682025 0 20256820 0 68202568 0 25682025 0 20256820 0 68202568 0 25682025 0 20256820 0 68202568 0 25682025 0 20256820 0 68202568 0 25622025 0 7c256220 0 68202568 0 25682025 0 20256820 0 20256220 0 20202562 0 253364 
_C_d56_5a23500d_1 84 0 d 0 0 1ff0 
_C_3b48_5a209ec9_1 8c 0 58 0 0 3d202562 0 3c203120 0 256220 
_C_36ff_5a23e031_3 8c 0 1f8 0 0 68202568 0 25682025 0 20256820 0 68202568 0 25682025 0 20256820 0 62202562 0 25622025 0 20256220 0 25682009 0 20256820 0 68202568 0 62202025 0 62202025 0 20202025 0 253364 
_C_4288_5a2237a6_2 8c 0 220 0 0 62202562 0 25622025 0 20256220 0 9202562 0 9202562 0 9202562 0 9202562 0 9202562 0 9202562 0 9202562 0 68202568 0 62202520 0 20202025 0 25622020 0 20202020 0 20202562 0 25336420 
_C_4c19_5a251fa3_2 84 0 33 0 0 fffffff0 0 7ffff 
_C_7c4b_5a2349fa_2 84 0 15 0 0 1ffff0 
_C_54a8_5a279090_1 8c 0 150 0 0 20202562 0 20202020 0 20256209 0 62202020 0 62092025 0 9202025 0 20202562 0 20256209 0 25620920 0 64092020 0 2534 
_C_586c_5a27917f_1 8c 0 a8 0 0 68092562 0 25680925 0 9256809 0 62092568 0 33640925 0 25 
_C_4cb1_5a2389ae_1 8c 0 100 0 0 9202568 0 9202568 0 9202568 0 68202568 0 20202025 0 20202562 0 20202562 0 25336420 
_C_1871_5a25fa4d_1 8c 0 210 0 0 44202045 0 43202020 0 6d572020 0 65786d65 0 62525720 0 6d656d77 0 6d525720 0 65786d65 0 4f503120 0 656d7762 0 5031206d 0 6d656d4f 0 32206578 0 65784f50 0 31206964 0 65784f50 0 6964 
_C_1185_5a27239c_1 8c 0 a8 0 0 41414c54 0 41414141 0 41414141 0 41414141 0 41414141 0 48 
_C_5cbc_5a279313_1 8c 0 138 0 0 94f5554 0 920494e 0 54414850 0 46092053 0 4509204f 0 44524956 0 54095043 0 4b095253 0 4509434c 0 54494d 
_C_3471_5a21ba24_2 8c 0 168 0 0 62202562 0 25622025 0 20256220 0 62202562 0 62092025 0 25622025 0 20256220 0 62202562 0 25622025 0 25346220 0 33640920 0 25 
_C_f1c_5a25f878_2 84 0 e 0 0 3ff0 
_C_59e2_5a27920b_2 8c 0 1f8 0 0 2025620a 0 62202562 0 25622025 0 25622020 0 20256220 0 25622020 0 25622020 0 20202020 0 20202562 0 20256220 0 62202562 0 25622025 0 20256220 0 62202562 0 9202534 0 253364 
_C_488f_5a278e98_3 8c 0 140 0 0 20202562 0 62092020 0 20202025 0 25620920 0 9202020 0 9202562 0 20202562 0 25620920 0 20202020 0 25346409 
_C_6a5d_5a233e56_1 8c 0 1e0 0 0 6c757368 0 45092066 0 44524956 0 9205043 0 64657852 0 31092069 0 65784f50 0 9206964 0 644f5032 0 20696669 0 4f503109 0 69666964 0 4c540920 0 9204841 0 74696d65 
_C_4041_5a23e2f1_1 8c 0 328 0 0 5a4f5554 0 20423253 0 52443220 0 20204232 0 32524431 0 35202042 0 20524431 0 52443220 0 44312020 0 32202052 0 20205744 0 20574420 0 57523220 0 52202020 0 32202057 0 20205252 0 20525231 0 494e207c 0 20204231 0 2020494d 0 41444452 0 50432020 0 52535420 0 434c4b20 0 494d4520 0 54 
_C_5954_5a247a79_1 8c 0 5c0 0 0 5a4f5554 0 20423253 0 32524432 0 44312042 0 20423252 0 52443135 0 44322020 0 31202052 0 20205244 0 20574432 0 57442020 0 52322020 0 20202057 0 20205752 0 20523135 0 31342020 0 20202052 0 20523133 0 31322020 0 20202052 0 20523131 0 31302020 0 20202052 0 20205239 0 20523820 0 52372020 0 36202020 0 20202052 0 20205235 0 20523420 0 52332020 0 32202020 0 20202052 0 20205231 0 20523020 0 52322020 0 31202052 0 7c205252 0 31494e20 0 4d202042 0 52202049 0 20414444 0 20504320 0 20525354 0 20434c4b 0 54494d45 
_C_61ea_5a25bdce_1 8c 0 48 0 0 64696e67 0 617a6172 0 68 
_C_5eef_5a25e215_1 8c 0 58 0 0 20722064 0 207a2061 0 482061 
_C_d4c_5a20fc31_3 8c 0 78 0 0 62092562 0 25680925 0 9256809 0 253364 
_C_758_5a249a1d_1 8c 0 468 0 0 68202568 0 25682025 0 7c256820 0 68202568 0 25682025 0 20256820 0 68202568 0 25687c25 0 25682020 0 25682020 0 20256820 0 68202568 0 25682025 0 20256820 0 62202562 0 25682025 0 20256820 0 68202568 0 25682025 0 20256820 0 68202568 0 25682025 0 20256820 0 68202568 0 25682025 0 20256820 0 68202568 0 25622025 0 7c256220 0 68202568 0 25682025 0 20256820 0 20256220 0 20256220 0 33642020 0 25 
_C_48e5_5a278ecd_5 8c 0 228 0 0 67652032 0 20737461 0 64206f66 0 20726561 0 64617461 0 74686520 0 20746f20 0 69726564 0 69732077 0 69636820 0 2c207768 0 6261636b 0 69746520 0 29205772 0 74616765 0 74682053 0 9202835 0 9 
_C_3e97_5a21bc47_1 8c 0 1b0 0 0 20572052 0 46432020 0 4d502020 0 42202043 0 535a2053 0 69746520 0 65675772 0 20462072 0 20204420 0 20204320 0 20412042 0 4f502020 0 4d450920 0 5449 
_C_1605_5a24a461_1 8c 0 6e0 0 0 20423446 0 42345231 0 34414c20 0 52442042 0 447c4234 0 20423352 0 4233414c 0 4c313520 0 55202041 0 4320414c 0 204d5558 0 4d555844 0 32535a7c 0 52322042 0 31204232 0 20423252 0 52443135 0 44322020 0 31202052 0 20205244 0 20574432 0 20574420 0 52322020 0 52202057 0 20202057 0 20523135 0 52313420 0 31332020 0 32202052 0 20205231 0 20523131 0 52313020 0 52392020 0 38202020 0 20202052 0 20205237 0 20523620 0 52352020 0 34202020 0 20202052 0 20205233 0 20523220 0 52312020 0 30202020 0 20202052 0 20525232 0 52523120 0 31494e7c 0 4d202042 0 52202049 0 20414444 0 20504320 0 20525354 0 20434c4b 0 54494d45 
_C_3f1e_5a23e2c2_1 8c 0 358 0 0 5a4f5554 0 20423253 0 44322020 0 20423252 0 44312020 0 20423252 0 31352020 0 20205244 0 52443220 0 31202020 0 20205244 0 57443220 0 44202020 0 32202057 0 20205752 0 20575220 0 52523220 0 52312020 0 207c2052 0 4231494e 0 494d2020 0 44522020 0 20204144 0 54205043 0 4b205253 0 4520434c 0 54494d 
_C_79ff_5a20effd_1 8c 0 78 0 0 68092568 0 25680925 0 9256209 0 253364 
_C_385c_5a23e0a1_1 8c 0 1f8 0 0 68202568 0 25682025 0 20256820 0 68202568 0 25682025 0 20256820 0 62202562 0 25622025 0 20256220 0 25682020 0 20256820 0 68202568 0 62202025 0 62202025 0 20202025 0 253364 
_C_6bd1_5a233eca_2 8c 0 f0 0 0 20256209 0 20256209 0 20256209 0 20256209 0 20256209 0 62092020 0 64092025 0 2534 
_C_489b_5a223956_2 8c 0 218 0 0 62202562 0 25622025 0 20256220 0 62202562 0 62092025 0 62092025 0 62092025 0 62092025 0 68092025 0 68092025 0 25682025 0 25622020 0 20202020 0 20256220 0 62202020 0 20202025 0 253364 
_C_3b59_5a21bbd2_1 8c 0 190 0 0 20572052 0 50204643 0 4220434d 0 535a2053 0 69746520 0 65675772 0 20462072 0 20204420 0 20204320 0 20412042 0 4f502020 0 4d450920 0 5449 
_C_66fb_5a23fa41_3 8c 0 388 0 0 20202568 0 20202568 0 68202568 0 25682025 0 20256820 0 68202568 0 25622025 0 20256220 0 62202562 0 25622025 0 20256220 0 62202562 0 25622025 0 20256220 0 62202562 0 25622025 0 20256220 0 62202562 0 25622025 0 20256220 0 62202562 0 20202025 0 68202568 0 25682025 0 20256820 0 20256220 0 20256220 0 33642020 0 25 
_C_6854_5a23fab8_2 8c 0 388 0 0 20202568 0 20202568 0 68202568 0 25682025 0 20256820 0 68202568 0 25622025 0 20256220 0 68202568 0 25682025 0 20256820 0 68202568 0 25682025 0 20256820 0 68202568 0 25682025 0 20256820 0 68202568 0 25682025 0 20256820 0 62202562 0 20202025 0 68202568 0 25682025 0 20256820 0 20256220 0 20256220 0 33642020 0 25 
_C_10d2_5a20fd69_2 8c 0 78 0 0 68092562 0 25680925 0 9256209 0 253364 
_C_77a7_5a20efc2_1 8c 0 98 0 0 94f5554 0 9523135 0 9410942 0 45094f50 0 54494d 
_C_6d7e_5a233ef1_2 8c 0 100 0 0 20256209 0 20256209 0 20256209 0 20256209 0 62092020 0 20202025 0 20256209 0 25346409 
_C_196c_5a208080_1 8c 0 70 0 0 3d202568 0 20206620 0 3d25623a 0 7331 
_C_1307_5a25f98f_1 8c 0 1a0 0 0 62202562 0 25622025 0 20202020 0 20202562 0 25622020 0 20202020 0 20202562 0 25622020 0 20202020 0 20202562 0 25622020 0 20202020 0 20202562 
_C_6fce_5a233f6c_1 8c 0 1c8 0 0 6c757368 0 45202066 0 44524956 0 9205043 0 64657852 0 50312069 0 6465784f 0 50322069 0 6669644f 0 50312069 0 6669644f 0 54092069 0 2048414c 0 494d4509 0 54 
_C_36ff_5a23e031_1 8c 0 2c0 0 0 5a4f5554 0 20423253 0 32524432 0 44312042 0 20423252 0 52443135 0 52443220 0 52443120 0 57443220 0 20574420 0 20575232 0 32205752 0 31205252 0 7c205252 0 31494e20 0 4d202042 0 52202049 0 20414444 0 20504320 0 20525354 0 20434c4b 0 54494d45 
_C_461f_5a2388d1_1 8c 0 188 0 0 4e535452 0 46494449 0 43092049 0 46494450 0 4d092049 0 20494d45 0 44455209 0 9204144 0 54205043 0 52455345 0 434c4b20 0 494d4509 0 54 
_C_3aa_5a24995d_3 8c 0 478 0 0 68202568 0 25682025 0 7c256820 0 20202568 0 20202568 0 68202568 0 25682025 0 7c256820 0 20202568 0 20202568 0 68202568 0 25682025 0 20256820 0 68202568 0 25622025 0 20256220 0 68202568 0 25682025 0 20256820 0 68202568 0 25682025 0 20256820 0 68202568 0 25682025 0 20256820 0 68202568 0 25682025 0 20256820 0 62202562 0 25687c25 0 20256820 0 68202568 0 62202025 0 62202025 0 20202025 0 253364 
_C_5174_5a279037_1 8c 0 140 0 0 20202562 0 20202020 0 20256209 0 62202020 0 62092025 0 20202025 0 20256209 0 20256209 0 20256209 0 25346409 
_C_7546_5a248de6_1 8c 0 670 0 0 33524431 0 4c552042 0 20423341 0 4c553135 0 55202041 0 4420414c 0 204d5558 0 4d555843 0 32535a7c 0 44322042 0 20423252 0 32524431 0 31352042 0 20205244 0 20524432 0 52443120 0 44322020 0 44202057 0 20202057 0 20575232 0 20575220 0 31352020 0 34202052 0 20205231 0 20523133 0 52313220 0 31312020 0 30202052 0 20205231 0 20205239 0 20523820 0 52372020 0 36202020 0 20202052 0 20205235 0 20523420 0 52332020 0 32202020 0 20202052 0 20205231 0 20523020 0 52322020 0 31202052 0 4e7c5252 0 20423149 0 20494d20 0 44445220 0 43202041 0 53542050 0 4c4b2052 0 4d452043 0 5449 
_C_5a0d_5a238b08_1 8c 0 180 0 0 4e535452 0 46494449 0 43092049 0 46494450 0 4d092049 0 20494d45 0 44455209 0 9204144 0 54205043 0 20205253 0 20434c4b 0 54494d45 
_C_36ff_5a23e031_2 84 0 16 0 0 3ffff0 
_C_3d81_5a272a5c_1 8c 0 130 0 0 4e535452 0 43092049 0 20202050 0 55534809 0 2020464c 0 53455420 0 20205245 0 434c4b20 0 4d450920 0 5449 
_C_6c45_5a23939b_1 8c 0 128 0 0 4232494e 0 50432020 0 20204231 0 2020494d 0 41444452 0 50432020 0 52535420 0 434c4b20 0 494d4520 0 54 
_C_5b84_5a247ad0_1 8c 0 578 0 0 4232535a 0 52443220 0 31204232 0 42325244 0 44313520 0 32202052 0 20205244 0 20524431 0 57443220 0 57442020 0 32202020 0 20205752 0 20205752 0 52313520 0 31342020 0 33202052 0 20205231 0 20523132 0 52313120 0 31302020 0 39202052 0 20202052 0 20205238 0 20523720 0 52362020 0 35202020 0 20202052 0 20205234 0 20523320 0 52322020 0 31202020 0 20202052 0 20205230 0 52523220 0 52312020 0 207c2052 0 4231494e 0 494d2020 0 44522020 0 20204144 0 54205043 0 4b205253 0 4520434c 0 54494d 
_C_65eb_5a24d6d6_1 8c 0 710 0 0 42343135 0 344d4620 0 52312042 0 4c204234 0 20423441 0 42345244 0 4d34207c 0 33202020 0 2020204d 0 20204d32 0 204d3120 0 4d302020 0 44202020 0 447c2052 0 20423352 0 4233414c 0 4c313520 0 55202041 0 4320414c 0 204d5558 0 4d555844 0 32535a7c 0 52322042 0 31204232 0 20423252 0 52443220 0 44312020 0 35202052 0 20205231 0 20523134 0 52313320 0 31322020 0 31202052 0 20205231 0 20523130 0 20523920 0 52382020 0 37202020 0 20202052 0 20205236 0 20523520 0 52342020 0 33202020 0 20202052 0 20205232 0 20523120 0 52302020 0 32202020 0 20205252 0 7c525231 0 4231494e 0 494d2020 0 44522020 0 43204144 0 20522050 0 4d452043 0 5449 
_C_4b0d_5a2239c3_1 8c 0 240 0 0 53422046 0 57205220 0 414f4920 0 20442020 0 20432020 0 46430920 0 32092020 0 9204f50 0 204f5031 0 4f555409 0 920535a 0 20524432 0 20524431 0 4c555348 0 45542046 0 20524553 0 20434c4b 0 54494d45 
_C_579d_5a27320a_1 8c 0 198 0 0 52443135 0 44320957 0 57440957 0 57523209 0 9575209 0 33095257 0 52320952 0 9523109 0 54095230 0 52455345 0 434c4b09 0 494d4509 0 90954 
_C_5d40_5a273411_1 8c 0 390 0 0 52443135 0 44320957 0 57440957 0 57523209 0 9575209 0 20205257 0 20523135 0 52313420 0 31332020 0 32202052 0 20205231 0 20523131 0 52313020 0 39202020 0 20202052 0 20205238 0 20523720 0 52362020 0 35202020 0 20202052 0 20205233 0 20523220 0 20523120 0 52302020 0 45540920 0 20524553 0 20434c4b 0 54494d45 0 909 
_C_48e5_5a278ecd_2 8c 0 238 0 0 61746173 0 61642044 0 2c205265 0 68203135 0 726f7567 0 30207468 0 65727320 0 67697374 0 2c205265 0 20262032 0 72732031 0 69737465 0 20526567 0 52656164 0 67652920 0 20537461 0 28326e64 0 90920 
_C_5f99_5a2249ee_1 8c 0 190 0 0 62202562 0 62092025 0 62092025 0 62092025 0 62092025 0 68092025 0 25682025 0 68202020 0 20202025 0 20202562 0 25622020 0 64202020 0 2533 
_C_24b9_5a2108b2_1 8c 0 e0 0 0 4f55540a 0 9494e09 0 52495645 0 9504344 0 9525354 0 9434c4b 0 54494d45 
_C_5e7c_5a2249c3_2 84 0 f 0 0 7ff0 
_C_232a_5a250632_1 8c 0 30 0 0 73667366 0 6664 
_C_560a_5a27933e_1 8c 0 258 0 0 62202562 0 25622025 0 25622020 0 20256220 0 62202562 0 62202025 0 25622025 0 25620920 0 25620920 0 25620920 0 25680920 0 25680920 0 20256820 0 25622020 0 20202020 0 20256220 0 62202020 0 20202025 0 253364 
_C_4c19_5a251fa3_3 8c 0 488 0 0 68202568 0 25682025 0 20256820 0 687c2568 0 25682025 0 20256820 0 68202568 0 25682025 0 7c256820 0 68202568 0 25682025 0 20256820 0 68202568 0 25687c25 0 20256820 0 68202568 0 25682025 0 20256820 0 68202568 0 25682025 0 20256820 0 68202568 0 25682025 0 20256820 0 68202568 0 25682025 0 20256820 0 68202568 0 25682025 0 20256220 0 687c2562 0 25682025 0 20256820 0 62202568 0 25622025 0 33642020 0 25 
_C_836_5a234dab_1 8c 0 1c0 0 0 53422046 0 57205220 0 57202020 0 32092052 0 9204f50 0 204f5031 0 44313509 0 44312052 0 74202052 0 4c556f75 0 45542041 0 20524553 0 20434c4b 0 54494d45 
_C_5aa7_5a27334e_3 8c 0 230 0 0 68092568 0 25680925 0 9256809 0 68092568 0 25682025 0 20256820 0 68202568 0 25682025 0 20256820 0 68202568 0 25682025 0 20256820 0 68202568 0 25682025 0 9256820 0 20202562 0 20202562 0 2564 
_C_7ffb_5a25effd_1 8c 0 178 0 0 68202568 0 25682025 0 20256820 0 68202568 0 25682025 0 20256820 0 62202562 0 25622025 0 25622020 0 62202020 0 9202025 0 253364 
_C_6f3f_5a248cd0_2 84 0 2c 0 0 fffffff0 0 fff 
_C_6a5d_5a233e56_2 84 0 b 0 0 7f0 
_C_76e5_5a225b9f_1 8c 0 160 0 0 32092046 0 9204f50 0 204f5031 0 44313509 0 52442052 0 74202020 0 4c556f75 0 45542041 0 20524553 0 20434c4b 0 54494d45 
_C_43bd_5a2237e3_1 8c 0 218 0 0 62202562 0 25622025 0 20256220 0 9202562 0 9202562 0 9202562 0 9202562 0 9202562 0 9202562 0 9202562 0 68202568 0 25622025 0 20202020 0 20256220 0 62202020 0 20202025 0 253364 
_C_153c_5a25f9f3_1 8c 0 218 0 0 20202045 0 20202044 0 57202043 0 786d656d 0 52572065 0 656d7762 0 5257206d 0 786d656d 0 50312065 0 6d77624f 0 31206d65 0 656d4f50 0 2065786d 0 784f5032 0 20696465 0 784f5031 0 696465 
_C_48e5_5a278ecd_3 8c 0 168 0 0 206f7574 0 20414c55 0 7574732c 0 6f757470 0 72732720 0 6c65786f 0 6c746970 0 29204d75 0 74616765 0 72642053 0 9202833 0 9 
_C_5578_5a27315c_1 8c 0 168 0 0 9574432 0 32095744 0 52095752 0 52570957 0 9523309 0 31095232 0 52300952 0 53455409 0 4b095245 0 4509434c 0 954494d 0 9 
_C_71e0_5a233f94_1 8c 0 158 0 0 20202562 0 62092020 0 20202025 0 25620920 0 9202020 0 9202562 0 20202562 0 25620920 0 9202020 0 9202562 0 253464 
_C_6005_5a24d5e8_2 8c 0 460 0 0 68202568 0 25682025 0 20256820 0 687c2568 0 25682025 0 20256820 0 68202568 0 25687c25 0 20256820 0 68202568 0 25682025 0 7c256820 0 68202568 0 25682025 0 20256820 0 68202568 0 25682025 0 20256820 0 68202568 0 25682025 0 20256820 0 68202568 0 25682025 0 20256820 0 68202568 0 25682025 0 20256820 0 62202568 0 25622025 0 2025687c 0 68202568 0 25682025 0 25622020 0 20256220 0 25336420 
_C_44c1_5a23887a_2 8c 0 f8 0 0 9202568 0 9202568 0 20202568 0 20256809 0 20256809 0 20256209 0 9256209 0 253364 
_C_4a16_5a278f00_2 8c 0 170 0 0 206f7574 0 20414c55 0 7574732c 0 6f757470 0 72732720 0 6c65786f 0 6c746970 0 29204d75 0 74616765 0 72642053 0 9202833 0 909 
_C_5e06_5a27935c_1 8c 0 108 0 0 9256809 0 62092568 0 9202025 0 9202562 0 20202562 0 25620920 0 25620920 0 33640920 0 25 
_C_58ef_5a273272_1 8c 0 348 0 0 52443135 0 44320957 0 57440957 0 57523209 0 9575209 0 20205257 0 20523135 0 52313420 0 31332020 0 32202052 0 20205231 0 20523131 0 52313020 0 52392020 0 52382020 0 52372020 0 52362020 0 52352020 0 52332020 0 52322020 0 52312020 0 52302020 0 53455409 0 4b095245 0 4509434c 0 954494d 0 9 
_C_5aa7_5a27334e_1 8c 0 348 0 0 52443135 0 44320957 0 57440957 0 57523209 0 9575209 0 20205257 0 20523135 0 52313420 0 31332020 0 32202052 0 20205231 0 20523131 0 52313020 0 52392020 0 52382020 0 52372020 0 52362020 0 52352020 0 52332020 0 52322020 0 52312020 0 52302020 0 53455409 0 4b205245 0 4520434c 0 954494d 0 9 
_C_48e5_5a278ecd_1 8c 0 250 0 0 6d6f7279 0 6e204d65 0 6374696f 0 73747275 0 2c20496e 0 72657373 0 20416464 0 2050432c 0 61676529 0 74205374 0 20283173 0 7365742c 0 2c205265 0 20436c6b 0 6c61793a 0 44697370 0 206f6e20 0 4e6f7465 0 a0a 
_C_3aa_5a24995d_1 8c 0 6f0 0 0 20423446 0 42345231 0 34414c20 0 52442042 0 447c4234 0 20423352 0 4233414c 0 4c313520 0 55202041 0 4420414c 0 204d5558 0 4d555843 0 32535a7c 0 44322042 0 20423252 0 32524431 0 31352042 0 20205244 0 20524432 0 52443120 0 44322020 0 44202057 0 20202057 0 20575232 0 20575220 0 31352020 0 34202052 0 20205231 0 20523133 0 52313220 0 31312020 0 30202052 0 20205231 0 20205239 0 20523820 0 52372020 0 36202020 0 20202052 0 20205235 0 20523420 0 52332020 0 32202020 0 20202052 0 20205231 0 20523020 0 52322020 0 31202052 0 4e7c5252 0 20423149 0 20494d20 0 44445220 0 43202041 0 53542050 0 4c4b2052 0 4d452043 0 5449 
_C_77a7_5a20efc2_2 84 0 9 0 0 1f0 
_C_3f9a_5a272a8a_2 8c 0 80 0 0 9256809 0 62092568 0 25620925 0 25336409 
_C_7c4b_5a2349fa_3 8c 0 240 0 0 62202562 0 62202025 0 25622025 0 20256220 0 20202a62 0 62202562 0 62092025 0 62092025 0 62092025 0 68092025 0 68092025 0 25682025 0 62202020 0 20202025 0 25622020 0 20202020 0 20202562 0 25336420 
_C_66fb_5a23fa41_1 8c 0 4a0 0 0 5a4f5554 0 20423253 0 32524432 0 44312042 0 20423252 0 52443135 0 44322020 0 31202052 0 20205244 0 20574432 0 57442020 0 52322020 0 20202057 0 35205752 0 34205231 0 33205231 0 32205231 0 31205231 0 30205231 0 39205231 0 52382052 0 20523720 0 35205236 0 52342052 0 20523320 0 31205232 0 52322052 0 31202052 0 7c205252 0 31494e20 0 4d202042 0 52202049 0 20414444 0 20504320 0 20525354 0 20434c4b 0 54494d45 
_C_6e96_5a233f17_1 8c 0 1c8 0 0 6c757368 0 45202066 0 44524956 0 9205043 0 64657852 0 50312069 0 6465784f 0 50322069 0 6669644f 0 50312069 0 6669644f 0 54092069 0 2048414c 0 696d6509 0 74 
_C_6a5d_5a233e56_3 8c 0 e0 0 0 20256209 0 20256209 0 20256209 0 20256209 0 20256209 0 20256209 0 25346409 
_C_5f4_5a25f19a_1 8c 0 1d8 0 0 20204d34 0 204d3320 0 4d322020 0 31202020 0 2020204d 0 20204d30 0 20524420 0 57442020 0 41202020 0 42202057 0 20522053 0 53542057 0 4c4b2052 0 45092043 0 54494d 
